1e-07	1e-07
1.7099999999999998e-07	1.7099999999999998e-07
2.9240999999999996e-07	2.9240999999999996e-07
5.000211e-07	5.000211e-07
8.550360809999999e-07	8.550360809999999e-07
1.4621116985099998e-06	1.4621116985099998e-06
2.5002110044520995e-06	2.5002110044520995e-06
4.27536081761309e-06	4.27536081761309e-06
7.310866998118384e-06	7.310866998118384e-06
1.2501582566782437e-05	1.2501582566782437e-05
2.1377706189197965e-05	2.1377706189197965e-05
3.6555877583528516e-05	3.6555877583528516e-05
6.251055066783376e-05	6.251055066783376e-05
0.00010689304164199573	0.00010689304164199573
0.0001827871012078127	0.0001827871012078127
0.0003125659430653597	0.0003125659430653597
0.0005344877626417651	0.0005344877626417651
0.0009139740741174183	0.0009139740741174183
0.0015628956667407853	0.0015628956667407853
0.002672551590126743	0.002672551590126743
0.004570063219116731	0.004570063219116731
0.007814808104689609	0.007814808104689609
0.013363321859019232	0.013363321859019232
0.022851280378922884	0.022851280378922884
0.03907568944795813	0.03907568944795813
0.06681942895600841	0.06681942895600841
0.11426122351477438	0.11426122351477438
0.1953866922102642	0.1953866922102642
